0.0 48.841728 2.384318 -1.0
1.0 48.841728 2.384323 -1.0
2.0 48.841807 2.384399 -1.0
3.0 48.841682 2.384237 -1.0
4.0 48.841688 2.384208 -1.0
5.0 48.841747 2.384149 -1.0
6.0 48.841779 2.384125 -1.0
7.0 48.841834 2.384161 -1.0
8.0 48.841869 2.384186 -1.0
9.0 48.842021 2.384383 -1.0
10.0 48.841971 2.384243 -1.0
11.0 48.842023 2.384293 -1.0
12.0 48.842107 2.384375 -1.0
13.0 48.842039 2.384517 -1.0
14.0 48.841958 2.384486 -1.0
15.0 48.841862 2.384518 -1.0
16.0 48.842166 2.384824 -1.0
17.0 48.841888 2.385189 -1.0
18.0 48.841273 2.385297 -1.0
19.0 48.853657 2.38342 -1.0
20.0 48.853286 2.378455 -1.0
21.0 48.853246 2.37805 -1.0
22.0 48.85304 2.363441 -1.0
23.0 48.85434 2.359876 -1.0
24.0 48.854811 2.392123 -1.0
25.0 48.850972 2.401041 -1.0
26.0 48.849374 2.401199 -1.0
27.0 48.843395 2.405596 -1.0
28.0 48.844476 2.398733 -1.0
29.0 48.840506 2.403208 -1.0
30.0 48.837026 2.365264 -1.0
31.0 48.835158 2.374909 -1.0
32.0 48.836483 2.400081 -1.0
33.0 48.84622 2.39048 -1.0
34.0 48.846136 2.389315 -1.0
35.0 48.845707 2.392491 -1.0
36.0 48.84893 2.386986 -1.0
37.0 48.848414 2.383177 -1.0
38.0 48.848259 2.385097 -1.0
39.0 48.846203 2.384456 -1.0
40.0 48.842991 2.394779 -1.0
41.0 48.843927 2.378139 -1.0
42.0 48.847756 2.379091 -1.0
43.0 48.848248 2.379774 -1.0
44.0 48.847078 2.380434 -1.0
45.0 48.847321 2.379592 -1.0
46.0 48.84742 2.378132 -1.0
47.0 48.849044 2.373892 -1.0
48.0 48.850875 2.37177 -1.0
49.0 48.851594 2.370859 -1.0
50.0 48.839304 2.369186 -1.0
51.0 48.841769 2.383973 -1.0
52.0 48.845783 2.380815 -1.0
53.0 48.851575 2.379564 -1.0
54.0 48.852466 2.376052 -1.0
55.0 48.850566 2.388873 -1.0
56.0 48.849966 2.397001 -1.0
57.0 48.852313 2.395315 -1.0
58.0 48.85334 2.400084 -1.0
59.0 48.846224 2.396231 -1.0
60.0 48.849559 2.393013 -1.0
61.0 48.851431 2.393223 -1.0
