0.0 3.0 48.84164 2.384293 -1.0 3.0 4.0
1.0 1.0 48.841748 2.384339 -1.0 3.0 4.0
2.0 2.0 48.841783 2.384372 -1.0 3.0 4.0
3.0 3.0 48.841665 2.384254 -1.0 3.0 4.0 7.0
4.0 4.0 48.841703 2.384199 -1.0 3.0 5.0 7.0
5.0 5.0 48.841733 2.38417 -1.0 3.0 5.0 7.0
6.0 4.0 48.841717 2.384175 -1.0 3.0 6.0 7.0
7.0 6.0 48.841767 2.384108 -1.0 3.0 4.0 6.0 7.0
8.0 7.0 48.841793 2.384152 -1.0 4.0 6.0 7.0
9.0 7.0 48.841823 2.384176 -1.0 2.0 4.0
10.0 8.0 48.841855 2.384195 -1.0 2.0 4.0
11.0 9.0 48.842038 2.384374 -1.0 2.0 4.0
12.0 9.0 48.842017 2.384426 -1.0 2.0 3.0 4.0
13.0 9.0 48.842006 2.384334 -1.0 2.0 3.0 4.0
14.0 10.0 48.841973 2.384269 -1.0 4.0
15.0 12.0 48.842065 2.38433 -1.0 4.0
16.0 12.0 48.842108 2.38434 -1.0 5.0 6.0 7.0
17.0 11.0 48.84201 2.384284 -1.0 6.0
18.0 13.0 48.842001 2.384515 -1.0 6.0
19.0 13.0 48.842058 2.384489 -1.0 3.0 5.0
20.0 14.0 48.841956 2.384457 -1.0 3.0 5.0
21.0 9.0 48.841992 2.384415 -1.0 3.0 5.0
22.0 15.0 48.841889 2.384547 -1.0 3.0 5.0
23.0 16.0 48.842254 2.384939 -1.0 3.0 5.0
24.0 16.0 48.842104 2.384924 -1.0 3.0 5.0
25.0 16.0 48.842206 2.384756 -1.0 2.0 5.0
26.0 17.0 48.841729 2.385334 -1.0 2.0 5.0
27.0 18.0 48.841162 2.385071 -1.0 2.0
28.0 19.0 48.853654 2.383433 -1.0 2.0
29.0 19.0 48.853629 2.383397 -1.0 2.0
30.0 20.0 48.853593 2.378603 -1.0 2.0
31.0 21.0 48.853269 2.37774 -1.0 2.0
32.0 22.0 48.853071 2.363528 -1.0 2.0 3.0
33.0 40.0 48.842202 2.394409 -1.0 3.0 4.0
34.0 32.0 48.838097 2.400913 -1.0 3.0 4.0
35.0 25.0 48.8508 2.399693 -1.0 3.0
36.0 26.0 48.849231 2.402287 -1.0 3.0 6.0
37.0 25.0 48.851465 2.40223 -1.0 3.0 6.0 8.0
38.0 24.0 48.854779 2.393551 -1.0 3.0 6.0 8.0
39.0 35.0 48.844776 2.392979 -1.0 3.0 6.0 8.0
40.0 33.0 48.845591 2.390557 -1.0 3.0 5.0 6.0 8.0
41.0 34.0 48.845579 2.389183 -1.0 3.0 5.0 6.0 8.0
42.0 41.0 48.844261 2.37957 -1.0 3.0 5.0 6.0 8.0
43.0 49.0 48.851379 2.370197 -1.0 2.0
44.0 48.0 48.850082 2.371373 -1.0 2.0 4.0
45.0 47.0 48.849967 2.375495 -1.0 4.0
46.0 46.0 48.847777 2.378075 -1.0 4.0
47.0 42.0 48.847584 2.379196 -1.0 4.0 5.0
48.0 45.0 48.847194 2.379508 -1.0 4.0 5.0 6.0
49.0 44.0 48.847159 2.380895 -1.0 4.0 5.0 6.0 8.0
50.0 43.0 48.848112 2.37996 -1.0 4.0 6.0 8.0
51.0 30.0 48.836463 2.365253 -1.0 3.0 4.0 6.0 8.0
52.0 28.0 48.843789 2.39839 -1.0 3.0 4.0 6.0 8.0
53.0 29.0 48.840319 2.405002 -1.0 3.0 6.0 8.0
54.0 29.0 48.841524 2.403788 -1.0 3.0 6.0 8.0
55.0 27.0 48.843152 2.407271 -1.0 3.0 5.0 6.0 8.0
56.0 39.0 48.846355 2.385326 -1.0 3.0 5.0 6.0 8.0
57.0 38.0 48.847964 2.385293 -1.0 3.0 4.0 5.0 6.0 8.0
58.0 36.0 48.848437 2.387417 -1.0 3.0 5.0 8.0
59.0 37.0 48.84888 2.382095 -1.0 3.0 5.0 8.0
60.0 31.0 48.834453 2.373867 -1.0 3.0 5.0 8.0
61.0 31.0 48.834585 2.37573 -1.0 3.0 5.0 8.0
62.0 31.0 48.833524 2.380518 -1.0 3.0 5.0 8.0
63.0 23.0 48.854741 2.358463 -1.0 3.0 5.0 8.0
64.0 50.0 48.838578 2.370257 -1.0 3.0 5.0 8.0
65.0 52.0 48.845471 2.381522 -1.0 3.0 5.0 8.0
66.0 53.0 48.851253 2.380343 -1.0 3.0 5.0 8.0
67.0 54.0 48.851912 2.376838 -1.0 3.0 5.0 8.0
68.0 54.0 48.85232 2.375086 -1.0 3.0 5.0 8.0
69.0 55.0 48.851033 2.388395 -1.0 5.0 8.0
70.0 55.0 48.850343 2.389877 -1.0 5.0 8.0
71.0 56.0 48.850445 2.397154 -1.0 5.0 8.0
72.0 56.0 48.85042 2.396296 -1.0 5.0 8.0
73.0 57.0 48.851902 2.396179 -1.0 5.0 8.0
74.0 58.0 48.852892 2.400743 -1.0 5.0 8.0
75.0 59.0 48.846607 2.395161 -1.0 5.0 8.0
76.0 60.0 48.84907 2.393503 -1.0 5.0 8.0
77.0 61.0 48.850889 2.393939 -1.0 4.0 5.0 8.0
