0.0 1.0 20.313683053058508 0.0 0.0
0.0 2.0 25.342243450357167 0.0 0.0
1.0 2.0 17.854312347736524 0.0 0.0
0.0 3.0 7.140117134131357 0.0 0.0
1.0 3.0 17.080186031510717 0.0 0.0
2.0 3.0 22.108746428809376 0.0 0.0
0.0 4.0 20.61930378420658 0.0 0.0
1.0 4.0 19.43937268158594 0.0 0.0
2.0 4.0 24.4679330788846 0.0 0.0
3.0 4.0 17.38580676265879 0.0 0.0
0.0 5.0 23.917807077839573 0.0 0.0
1.0 5.0 22.737875975218934 0.0 0.0
2.0 5.0 27.766436372517592 0.0 0.0
3.0 5.0 20.684310056291782 0.0 0.0
4.0 5.0 17.19749670636701 0.0 0.0
0.0 6.0 22.294966848332344 0.0 0.0
1.0 6.0 21.1150357457117 0.0 0.0
2.0 6.0 26.143596143010363 0.0 0.0
3.0 6.0 19.061469826784553 0.0 0.0
4.0 6.0 15.574656476859777 0.0 0.0
5.0 6.0 10.127159770492769 0.0 0.0
0.0 7.0 26.760028311970874 0.0 0.0
1.0 7.0 25.58009720935023 0.0 0.0
2.0 7.0 30.608657606648894 0.0 0.0
3.0 7.0 23.526531290423083 0.0 0.0
4.0 7.0 20.03971794049831 0.0 0.0
5.0 7.0 14.592221234131301 0.0 0.0
6.0 7.0 10.943381004624069 0.0 0.0
0.0 8.0 31.305831875721033 0.0 0.0
1.0 8.0 30.12590077310039 0.0 0.0
2.0 8.0 35.15446117039905 0.0 0.0
3.0 8.0 28.072334854173242 0.0 0.0
4.0 8.0 24.58552150424847 0.0 0.0
5.0 8.0 19.13802479788146 0.0 0.0
6.0 8.0 15.489184568374228 0.0 0.0
7.0 8.0 12.01424603201276 0.0 0.0
0.0 9.0 47.01380707783957 0.0 0.0
1.0 9.0 39.52587597521894 0.0 0.0
2.0 9.0 35.1164363725176 0.0 0.0
3.0 9.0 43.78031005629178 0.0 0.0
4.0 9.0 46.13949670636701 0.0 0.0
5.0 9.0 42.311 0.0 0.0
6.0 9.0 38.66215977049277 0.0 0.0
7.0 9.0 35.1872212341313 0.0 0.0
8.0 9.0 30.077024797881464 0.0 0.0
0.0 10.0 45.49183101020149 0.0 0.0
1.0 10.0 44.311899907580845 0.0 0.0
2.0 10.0 49.340460304879514 0.0 0.0
3.0 10.0 42.258333988653696 0.0 0.0
4.0 10.0 38.77152063872892 0.0 0.0
5.0 10.0 33.32402393236191 0.0 0.0
6.0 10.0 29.67518370285468 0.0 0.0
7.0 10.0 26.20024516649321 0.0 0.0
8.0 10.0 21.090048730243375 0.0 0.0
9.0 10.0 19.89702393236191 0.0 0.0
0.0 11.0 52.49080632483849 0.0 0.0
1.0 11.0 51.310875222217845 0.0 0.0
2.0 11.0 49.73043561951651 0.0 0.0
3.0 11.0 49.2573093032907 0.0 0.0
4.0 11.0 45.77049595336592 0.0 0.0
5.0 11.0 40.32299924699892 0.0 0.0
6.0 11.0 36.67415901749169 0.0 0.0
7.0 11.0 33.19922048113021 0.0 0.0
8.0 11.0 28.08902404488038 0.0 0.0
9.0 11.0 14.613999246998917 0.0 0.0
10.0 11.0 17.90902317936083 0.0 0.0
0.0 12.0 63.25776109734856 0.0 0.0
1.0 12.0 55.76982999472793 0.0 0.0
2.0 12.0 51.36039039202659 0.0 0.0
3.0 12.0 60.02426407580077 0.0 0.0
4.0 12.0 58.240450725876 0.0 0.0
5.0 12.0 52.792954019509 0.0 0.0
6.0 12.0 49.14411379000177 0.0 0.0
7.0 12.0 45.66917525364029 0.0 0.0
8.0 12.0 40.558978817390454 0.0 0.0
9.0 12.0 16.243954019508994 0.0 0.0
10.0 12.0 30.378977951870905 0.0 0.0
11.0 12.0 25.095953266507912 0.0 0.0
0.0 13.0 52.4192388455725 0.0 0.0
1.0 13.0 44.931307742951866 0.0 0.0
2.0 13.0 40.521868140250525 0.0 0.0
3.0 13.0 49.18574182402471 0.0 0.0
4.0 13.0 51.54492847409994 0.0 0.0
5.0 13.0 54.84343176773294 0.0 0.0
6.0 13.0 51.235591538225705 0.0 0.0
7.0 13.0 47.760653001864235 0.0 0.0
8.0 13.0 42.6504565656144 0.0 0.0
9.0 13.0 12.573431767732929 0.0 0.0
10.0 13.0 32.47045570009484 0.0 0.0
11.0 13.0 27.18743101473185 0.0 0.0
12.0 13.0 28.817385787241925 0.0 0.0
0.0 14.0 46.302658167321376 0.0 0.0
1.0 14.0 38.81472706470073 0.0 0.0
2.0 14.0 34.4052874619994 0.0 0.0
3.0 14.0 43.069161145773585 0.0 0.0
4.0 14.0 45.428347795848815 0.0 0.0
5.0 14.0 48.72685108948181 0.0 0.0
6.0 14.0 47.10401085997458 0.0 0.0
7.0 14.0 50.90607232361311 0.0 0.0
8.0 14.0 45.79587588736327 0.0 0.0
9.0 14.0 15.718851089481806 0.0 0.0
10.0 14.0 35.61587502184372 0.0 0.0
11.0 14.0 30.332850336480725 0.0 0.0
12.0 14.0 31.9628051089908 0.0 0.0
13.0 14.0 21.124282857214737 0.0 0.0
0.0 15.0 41.137010137117414 0.0 0.0
1.0 15.0 33.64907903449677 0.0 0.0
2.0 15.0 29.23963943179543 0.0 0.0
3.0 15.0 37.90351311556962 0.0 0.0
4.0 15.0 40.26269976564485 0.0 0.0
5.0 15.0 43.56120305927784 0.0 0.0
6.0 15.0 41.938362829770604 0.0 0.0
7.0 15.0 46.40342429340913 0.0 0.0
8.0 15.0 50.94922785715929 0.0 0.0
9.0 15.0 29.803203059277838 0.0 0.0
10.0 15.0 49.700226991639745 0.0 0.0
11.0 15.0 44.41720230627676 0.0 0.0
12.0 15.0 46.04715707878683 0.0 0.0
13.0 15.0 35.20863482701077 0.0 0.0
14.0 15.0 29.092054148759644 0.0 0.0
0.0 16.0 83.24790763863531 0.0 0.0
1.0 16.0 75.75997653601469 0.0 0.0
2.0 16.0 71.35053693331334 0.0 0.0
3.0 16.0 80.01441061708752 0.0 0.0
4.0 16.0 82.37359726716276 0.0 0.0
5.0 16.0 85.67210056079576 0.0 0.0
6.0 16.0 84.04926033128852 0.0 0.0
7.0 16.0 88.51432179492706 0.0 0.0
8.0 16.0 93.06012535867723 0.0 0.0
9.0 16.0 71.91410056079576 0.0 0.0
10.0 16.0 91.81112449315768 0.0 0.0
11.0 16.0 86.52809980779467 0.0 0.0
12.0 16.0 88.15805458030475 0.0 0.0
13.0 16.0 77.31953232852868 0.0 0.0
14.0 16.0 71.20295165027757 0.0 0.0
15.0 16.0 42.1112412326627 0.0 0.0
0.0 17.0 124.15596251614156 0.0 0.0
1.0 17.0 116.66803141352094 0.0 0.0
2.0 17.0 112.25859181081958 0.0 0.0
3.0 17.0 120.92246549459377 0.0 0.0
4.0 17.0 123.28165214466901 0.0 0.0
5.0 17.0 126.580155438302 0.0 0.0
6.0 17.0 124.95731520879477 0.0 0.0
7.0 17.0 129.4223766724333 0.0 0.0
8.0 17.0 133.96818023618346 0.0 0.0
9.0 17.0 112.822155438302 0.0 0.0
10.0 17.0 132.71917937066394 0.0 0.0
11.0 17.0 127.43615468530092 0.0 0.0
12.0 17.0 129.066109457811 0.0 0.0
13.0 17.0 118.22758720603493 0.0 0.0
14.0 17.0 112.11100652778381 0.0 0.0
15.0 17.0 83.01929611016894 0.0 0.0
16.0 17.0 40.90805487750611 0.0 0.0
0.0 18.0 208.88998991334438 0.0 0.0
1.0 18.0 201.40205881072376 0.0 0.0
2.0 18.0 196.9926192080224 0.0 0.0
3.0 18.0 205.65649289179657 0.0 0.0
4.0 18.0 208.0156795418718 0.0 0.0
5.0 18.0 211.31418283550482 0.0 0.0
6.0 18.0 209.6913426059976 0.0 0.0
7.0 18.0 214.1564040696361 0.0 0.0
8.0 18.0 218.7022076333863 0.0 0.0
9.0 18.0 197.55618283550484 0.0 0.0
10.0 18.0 217.45320676786673 0.0 0.0
11.0 18.0 212.17018208250374 0.0 0.0
12.0 18.0 213.80013685501382 0.0 0.0
13.0 18.0 202.96161460323776 0.0 0.0
14.0 18.0 196.84503392498664 0.0 0.0
15.0 18.0 167.75332350737176 0.0 0.0
16.0 18.0 125.64275915887274 0.0 0.0
17.0 18.0 84.73470428135931 0.0 0.0
